0 0 0 237 18 237 18 236 19 238 18 236 18.5 234 18 236 16.5 243 16.5 231 16 246 18 237 17.5 231 18.5 237 18
0 0 2 231 18 235 18.5 230 19.5 233 19 236 18 232 18 235 16.5 236 16.5 229 15.5 232 19 232 18.5 234 18.5 236 18
0 0 4 236 19 233 18.5 231 19 227 17.5 228 17.5 234 17 232 16.5 238 16 232 15.5 230 19 230 18.5 229 17 232 17
0 0 6 230 23.5 227 21 230 23 232 22 227 20.5 226 19.5 231 20 231 18.5 228 18.5 229 23 230 22.5 227 19.5 228 19.5
0 0 8 244 20 240 19 237 20.5 245 20 241 19 245 18.5 238 17.5 240 17 239 16 243 20 236 19.5 242 19 246 18.5
0 0 10 231 11 231 11.5 236 11.5 233 11.5 237 12.5 229 12 237 10.5 238 11 237 10.5 237 11.5 229 11 229 12 232 11.5
0 0 12 227 20.5 229 19 229 21 230 20 228 19 230 18.5 230 18.5 228 17 227 16.5 231 20.5 229 19.5 229 19.5 231 19
0 0 14 227 19.5 222 18.5 225 19.5 227 19 226 18.5 227 17.5 224 17.5 224 17 223 16.5 224 19 225 18.5 226 18.5 225 18.5
0 0 16 228 19.5 232 19.5 228 20 235 20 231 19.5 230 19 234 17.5 232 17.5 231 16.5 234 20 231 19 232 19 235 19
0 0 18 240 18 240 18.5 236 19.5 236 19 237 19 234 18 231 16.5 242 17.5 237 16 239 19 236 18 241 18.5 239 19
0 0 20 237 18.5 240 19 240 20 238 19 238 19.5 240 19 239 17.5 241 17 242 16.5 240 19.5 241 19.5 235 19 244 19
0 0 22 236 19 236 18.5 230 20 234 19.5 232 19.5 235 19 232 17 234 17.5 231 16 236 19.5 235 19 231 19 235 19
0 0 24 230 19.5 234 19 230 20 231 20 232 19.5 227 19 227 17 225 17 229 16.5 229 20.5 231 19 230 18.5 230 18.5
0 0 26 228 17.5 229 17 237 17.5 224 17 225 18 226 17 229 15.5 228 15.5 225 15 223 17.5 226 16.5 224 17.5 228 17.5
0 0 28 232 19 238 19 229 20 223 19 235 19.5 225 19 229 17 231 17 237 16.5 229 19 230 18 227 19 237 20
0 0 30 240 19 237 19.5 235 20.5 238 19 241 19.5 236 18.5 242 17.5 241 17.5 237 16.5 239 19.5 239 18.5 236 19.5 235 20
0 0 32 241 20 244 20.5 240 21.5 245 21 242 21 241 20.5 246 18.5 240 19 235 17.5 238 20.5 240 20 242 21 244 21
0 0 34 233 44.5 230 36.5 235 39 234 41.5 223 36 229 35 232 36 236 36 231 34 230 40 228 40.5 232 32 232 36.5
0 0 36 225 49.5 225 40.5 227 42.5 228 45 226 40.5 229 39 225 39.5 228 40 228 36 225 41.5 229 42 223 34.5 226 40
0 0 38 919 943 673 975.5 892 954.5 904 970 865 976 712 925.5 814 921 821 959.5 736 926 826 956.5 754 976 718 976 718 925.5
0 0 40 228 61 226 50 232 50.5 235 57.5 233 49.5 227 47 233 47.5 232 49 233 46 235 52.5 230 53.5 224 42 233 49
0 0 42 237 273.5 244 245.5 234 245.5 233 266 235 231.5 236 204.5 237 222.5 237 237.5 243 229 235 265 237 260 234 213.5 233 226.5
0 0 44 222 24.5 225 22 225 25 230 24 230 22.5 223 22.5 228 21 230 22 231 21.5 224 22 227 24 228 21.5 224 23
0 0 46 228 8 234 9.5 232 9 236 8.5 230 8.5 235 9 227 7.5 231 8 228 8 232 8 231 7.5 234 8.5 233 8.5
0 0 48 242 21 241 20.5 237 22 239 21 238 21 239 19.5 242 19.5 242 19 240 18 234 21 233 20.5 241 20.5 235 20.5
0 0 50 235 11 238 12 238 12 236 11 237 12 237 11.5 239 10 240 11 241 10 238 11.5 243 10.5 237 12 240 11.5
0 0 52 228 46.5 226 38 223 40 225 41.5 222 36.5 224 34.5 230 37.5 228 37 227 35.5 222 42.5 220 42 220 34 226 35.5
0 0 54 228 47.5 224 38.5 230 41 231 43 227 37 228 36.5 231 39 226 37.5 236 37 231 43 228 42.5 225 35 235 37
0 0 56 230 11 235 12 231 12.5 239 11.5 233 12 235 12 235 10 234 11 236 10.5 231 10.5 236 10.5 229 12 232 12
0 0 58 224 31 216 28.5 220 34 222 31 225 28.5 214 27.5 227 28.5 221 26 221 25.5 222 33.5 222 31 216 29 223 29
0 0 60 222 37.5 223 33 221 36.5 225 35 223 32.5 222 30.5 228 33 216 31 225 30.5 221 37.5 226 36 215 31.5 220 31.5
0 0 62 220 73.5 219 62 218 68 220 69.5 221 62 217 58 221 63 223 60 225 58.5 212 71 218 69.5 211 57.5 222 61.5
0 1 0 253 20.5 248 17.5 247 19 254 19 248 17.5 249 16 252 17.5 246 17 255 16 250 19 248 19 243 16.5 251 17
0 1 2 245 21 239 18 246 20 247 19.5 243 17.5 247 17 242 18 244 17 246 17 244 19.5 244 20 233 16 244 17.5
0 1 4 238 19.5 238 16.5 235 17.5 236 18 240 16 237 15.5 241 16 236 15.5 234 15 239 17.5 239 18.5 239 14.5 234 16
0 1 6 247 20 243 16.5 240 17.5 239 18 246 16 238 15.5 242 16.5 247 16 244 15.5 239 17.5 241 18.5 240 15.5 244 16
0 1 8 231 20 235 17 237 18.5 235 19 240 16 239 16 233 16.5 243 16.5 235 16 235 18.5 233 19 234 15.5 232 16.5
0 1 10 246 19.5 238 17 236 18 239 19 236 16.5 236 16 236 16 245 16 244 15.5 243 17.5 244 18.5 237 15.5 239 16
0 1 12 231 19 227 16 223 17.5 229 17 231 15.5 229 15.5 227 16 228 16.5 224 15 226 17.5 229 17.5 226 14.5 230 16.5
0 1 14 235 20.5 237 17 239 18 234 18.5 237 16.5 235 15.5 236 16.5 233 16.5 235 15.5 235 18 236 19 232 15.5 236 17
0 1 16 245 8.5 244 8 249 8 243 7.5 240 7.5 246 7 241 6.5 243 7 239 7 243 7.5 243 7.5 245 7 248 7.5
0 1 18 241 20 238 17 236 18 245 18.5 246 16.5 238 16 243 16.5 244 16 241 15.5 239 17.5 239 19 232 15 245 17
0 1 20 238 19.5 240 17 237 18 242 18 241 16 239 15 233 16 243 16 242 15.5 242 17.5 236 18.5 243 15.5 241 16
0 1 22 237 11 243 9.5 234 10 232 10 232 9.5 234 9 237 8.5 243 9 240 8.5 238 9.5 234 10 240 9 243 9.5
0 1 24 237 20 229 16 237 17 237 18 230 16 237 15 235 15.5 236 16.5 239 15 230 17 234 18 236 14 237 16
0 1 26 247 10.5 242 9 244 9.5 241 9.5 246 9 244 8.5 243 8.5 245 8.5 244 8 247 9 244 9.5 242 8.5 242 9
0 1 28 246 20 243 17 244 18 245 18.5 241 16.5 233 15 237 15.5 244 16.5 239 15 242 17.5 233 18 240 15 236 16.5
0 1 30 237 18.5 234 16 239 17.5 239 17 236 15.5 236 15.5 236 15.5 230 15.5 237 14.5 238 17 236 17.5 236 14.5 240 16
0 1 32 242 20 236 16.5 242 17.5 236 18 242 16 232 15.5 240 15.5 238 16 238 15.5 242 17.5 240 18.5 236 14.5 237 16.5
0 1 34 244 8 238 7.5 238 7.5 242 7.5 244 7.5 242 7 244 6 240 7 245 6.5 245 7 246 8 240 7 247 7
0 1 36 238 112.5 236 91 233 91.5 241 106 235 89.5 240 87.5 238 90 238 88.5 239 82.5 237 97.5 231 98 236 78 232 93
0 1 38 965 976.5 728 1002 934 982 957 1000 911 1003 756 972 845 954 869 989 775 970.5 868 983.5 799 1007 766 1005.5 739 972.5
0 1 40 237 70 237 57.5 233 57.5 242 66.5 235 56.5 239 55.5 237 56.5 238 56 242 51.5 236 60 232 62.5 232 49.5 238 58.5
0 1 42 241 78 242 63.5 247 65 249 74 248 62 240 61.5 249 60.5 251 62 248 56.5 240 67 246 68.5 243 54.5 247 65.5
0 1 44 233 20 234 17 231 18 233 18 229 16 232 16 232 16.5 226 17 228 16.5 235 19 227 18.5 228 15 230 17
0 1 46 237 19.5 241 17.5 240 19 239 19 244 16.5 235 16.5 239 16.5 241 16.5 243 16.5 239 18.5 239 19.5 238 16 244 17.5
0 1 48 242 21 242 17.5 235 18.5 241 19 234 17 243 16.5 240 16.5 237 17 237 16.5 234 18 235 19 233 16 238 17
0 1 50 242 21 237 17.5 236 18 238 18.5 235 16.5 235 16.5 236 17 235 16.5 240 16.5 240 18.5 243 20 237 15.5 238 16.5
0 1 52 246 22 244 18.5 240 19 250 20 245 18 245 17 250 17.5 248 18 246 17.5 244 20 243 20.5 248 17 244 18
0 1 54 234 61.5 231 50.5 233 50 233 59.5 239 51 231 49.5 238 50 235 50.5 235 45.5 239 53.5 230 55.5 228 44.5 232 52.5
0 1 56 235 219.5 244 188.5 236 182 241 214 246 181 248 167.5 242 172 241 178 241 167.5 238 199 243 199.5 240 162 241 178.5
0 1 58 239 26 232 22 241 22.5 238 24.5 236 20.5 243 20.5 239 21 241 22 242 20.5 238 23 233 24.5 244 20 245 22
0 1 60 233 14.5 233 12.5 233 13 237 13.5 232 12 233 11.5 237 12 233 11.5 241 11.5 235 12.5 235 14 232 11.5 235 12.5
0 1 62 237 79 242 66.5 247 65 243 76 235 64.5 238 60.5 235 62 238 64 239 60 241 70.5 240 71.5 237 54.5 236 64.5
0 2 0 211 18 208 16 208 16 211 16.5 204 14.5 213 15 213 15 210 15 212 13.5 210 16 212 16.5 211 14 216 15
0 2 2 219 16.5 208 14 210 14.5 214 15 208 14 210 13.5 208 13 208 13.5 211 12.5 214 14 208 14 207 12.5 205 13.5
0 2 4 220 16 223 14 219 14.5 221 15 221 13.5 217 13 227 13 227 13 223 12.5 226 13 223 14.5 215 11.5 219 13.5
0 2 6 215 17.5 220 14.5 214 15 217 15.5 215 14 218 14.5 220 14 219 14 215 12.5 218 14.5 216 15.5 211 12.5 218 14.5
0 2 8 217 19.5 214 16 210 16 217 18 217 16 213 15.5 216 15.5 225 16 222 14.5 214 15 223 17 213 13.5 221 16
0 2 10 215 16.5 213 14 214 13.5 210 15 219 13.5 220 14.5 216 13.5 217 14 215 12 213 13.5 217 15.5 215 12.5 218 14
0 2 12 210 7 215 6 221 6 217 6 216 6 216 6 213 5.5 224 6.5 215 5.5 222 6 222 6.5 210 5.5 221 6
0 2 14 219 17 223 14.5 220 14 215 16 223 14 223 14.5 221 13 219 14.5 217 12.5 224 14 213 15.5 216 12 221 14.5
0 2 16 215 8.5 213 8 217 8 211 8.5 208 7.5 212 8 216 7.5 219 8 216 7.5 215 7.5 218 8 214 7.5 216 8
0 2 18 205 16.5 209 14 204 14 207 15 207 13.5 209 13.5 208 13.5 213 14 211 12.5 209 13.5 210 14.5 207 12 206 14
0 2 20 215 21 216 17.5 214 17.5 218 19.5 212 16 219 17 217 17 214 18 215 15 218 17 214 17.5 216 14.5 221 17.5
0 2 22 214 17 213 14 212 15 218 15 216 14 211 13.5 213 14 219 14 218 12.5 215 14 220 15 216 13 218 14
0 2 24 213 16.5 218 14.5 217 14.5 214 15 212 14 217 14 221 14.5 219 14 213 12.5 220 15 220 15 212 13.5 216 14
0 2 26 216 61.5 220 49.5 209 50.5 210 58.5 218 51.5 213 50 211 49 210 49 217 45 209 52.5 212 54.5 210 43 214 52.5
0 2 28 211 52.5 208 42.5 210 42 204 49.5 201 42.5 201 41 211 41 206 42 209 38.5 209 44.5 200 45 205 36.5 209 44
0 2 30 220 23.5 210 18.5 214 19 216 22.5 214 19.5 219 19 219 19.5 218 19.5 218 17 217 19.5 216 20.5 221 16 216 20
0 2 32 204 22 206 17.5 205 17.5 208 20 205 17 210 17.5 211 17 210 17.5 205 16 202 17.5 201 18.5 209 14.5 207 18.5
0 2 34 212 51 210 41 207 40 209 48 211 41 208 39.5 212 39.5 215 40.5 211 36.5 215 42.5 208 43.5 213 35 213 42.5
0 2 36 213 51 219 40.5 213 40 219 48 219 41.5 216 40 218 40 213 40.5 213 37 212 42.5 215 43.5 217 34.5 213 43
0 2 38 830 980.5 604 979 801 975.5 822 982.5 777 967 596 942.5 690 942 726 973 647 971.5 723 978 700 984.5 660 948 645 963
0 2 40 219 98 214 80.5 215 80 215 94 215 79.5 211 77 219 79.5 226 78 216 71 217 84 215 86 210 68 225 82
0 2 42 221 4 222 3.5 213 3 220 3.5 218 3.5 218 3.5 218 3 215 3.5 220 3 212 3.5 220 3.5 218 3 212 3.5
0 2 44 202 19 203 15 208 15 200 16.5 200 15 206 15 206 15 200 15.5 205 13.5 206 15 206 16 205 12.5 203 15.5
0 2 46 215 17 212 14 213 14 209 15.5 212 14 209 13.5 212 14 207 14 208 13 212 14 211 15.5 206 12.5 210 14
0 2 48 209 17 211 15 222 15.5 212 16 215 14.5 214 15 208 13.5 211 15 215 13 215 14.5 211 15 215 12 216 15
0 2 50 218 22 219 18.5 218 17.5 214 20 214 17.5 216 18.5 220 17.5 215 19 214 15.5 216 17.5 219 18 220 15.5 215 18.5
0 2 52 214 18 216 14.5 215 14.5 218 16.5 216 15 218 14.5 221 14 213 15 218 13.5 221 15 216 16 217 13 220 15
0 2 54 223 10.5 214 8.5 223 8.5 227 10 216 8.5 222 8 216 8 212 8.5 217 7.5 222 9 219 9 222 7.5 225 9
0 2 56 218 19 221 16 213 16 216 17 214 15.5 213 15 215 15 210 15.5 221 14 215 16 217 16.5 217 13.5 224 15.5
0 2 58 221 238 222 209.5 226 200 224 234 230 200 223 187 232 191 223 197.5 234 189.5 229 222.5 222 221 228 179 227 198
0 2 60 217 44 215 36 216 35 217 41.5 212 36 216 34 214 35 216 36 217 33 215 37.5 216 37.5 213 31.5 214 36.5
0 2 62 207 108.5 207 90 206 88.5 208 101.5 204 86 207 85.5 209 87 209 86.5 207 84.5 208 96 204 97.5 200 77.5 206 88
0 3 0 230 13 222 11.5 222 11 227 11.5 226 11.5 223 12 227 11 224 11.5 223 10.5 235 11.5 224 10.5 223 10.5 228 11
0 3 2 224 13 231 11.5 225 10.5 230 11.5 229 11 229 11 226 11 229 11.5 229 9.5 233 11.5 232 11 235 10 234 10.5
0 3 4 225 12.5 225 11 223 10 233 11.5 225 10.5 224 10.5 222 10.5 227 11 229 9.5 224 10.5 224 10.5 223 9.5 222 10.5
0 3 6 228 16 230 14.5 234 13.5 232 15 231 13 229 13.5 228 12.5 232 14 235 12.5 231 13.5 224 13.5 231 12 231 13
0 3 8 230 13 236 12 235 11 233 11.5 229 10.5 234 11 237 10.5 229 12 234 10 234 11 233 11 233 10 235 11
0 3 10 232 7 240 7 231 6 233 6.5 237 6.5 234 6.5 229 6 233 6.5 231 5.5 236 6 230 5.5 231 5.5 238 6.5
0 3 12 233 7 234 6.5 236 6 233 6 231 6 231 5.5 230 5 231 6 236 5.5 236 6 231 5.5 234 5.5 232 5.5
0 3 14 230 12 223 11 223 10 225 10.5 226 10.5 225 10.5 225 10 227 11 228 9.5 225 10 226 10 224 9 228 10
0 3 16 229 18.5 232 16.5 235 15.5 228 17.5 228 15.5 233 15.5 232 15.5 223 15.5 229 14.5 230 16 226 15.5 223 13.5 225 15
0 3 18 232 12 231 11 232 10 236 10.5 229 11 224 10.5 235 10.5 229 10.5 232 9.5 229 10.5 233 10 231 9.5 236 10.5
0 3 20 230 5.5 233 5.5 234 5 231 4.5 227 5 234 4.5 238 4.5 234 5 233 4.5 232 4.5 236 5 232 4.5 236 5
0 3 22 223 212 223 196.5 230 179.5 216 202.5 223 198.5 216 180 219 187.5 228 175.5 237 184 225 197 216 198 214 162.5 207 177.5
0 3 24 229 18 231 16.5 236 15 233 16 228 15 233 13.5 232 14.5 234 15 229 14 231 15 233 16 232 13 232 14.5
0 3 26 224 12 238 10.5 227 9.5 227 10.5 226 10 227 10 223 9.5 223 11 227 9 224 10 217 10 227 9 226 10
0 3 28 236 13.5 232 12.5 237 11 229 11.5 237 12.5 230 12 230 11 234 11.5 242 10 234 12 239 12 234 10 242 11
0 3 30 230 13 231 11 236 10 232 10.5 236 10 230 10 231 10 225 10.5 233 9.5 235 10.5 232 9.5 233 9.5 232 10
0 3 32 229 40.5 238 35.5 234 33.5 233 38 226 34 234 34 227 33.5 232 33.5 236 31 234 34 228 34.5 231 28 235 34
0 3 34 220 42.5 230 36 226 34 225 40 219 35 226 35 227 35 223 35.5 229 32 226 36 227 36.5 225 28.5 226 35
0 3 36 222 72 219 60 225 59.5 223 68.5 217 59.5 221 58.5 220 58 224 58 222 53.5 218 61.5 222 63.5 219 49 222 60
0 3 38 872 1045 660 1045 846 1036 874 1044.5 826 1028 643 1000.5 756 1021.5 778 1036.5 678 1038 782 1042.5 724 1045 700 1006.5 708 1028
0 3 40 244 84 241 71.5 240 69 240 79 236 67.5 241 66 246 68 245 68.5 232 66 245 74 244 76 236 60 240 68.5
0 3 42 230 14.5 228 13.5 232 12 232 12.5 225 12 230 12.5 225 11.5 228 12.5 231 11 222 12.5 230 12.5 225 11 229 11.5
0 3 44 224 14.5 229 13.5 227 12 222 13.5 225 12.5 231 12.5 224 12.5 230 12.5 228 11 227 13 228 13 227 10.5 227 12.5
0 3 46 240 52 233 46 238 43 236 47.5 230 43.5 241 41.5 234 43 232 43 236 40.5 232 47 242 45.5 237 37 232 42
0 3 48 235 7 225 7 230 6 232 7 225 6.5 227 6.5 227 6 234 7 223 5.5 228 6 235 6 228 6 230 6
0 3 50 230 14.5 235 13 231 12 233 13 227 11.5 239 12.5 229 11 236 12.5 240 11 234 12 232 12.5 232 10.5 230 11.5
0 3 52 213 41 216 35 219 34 223 39 216 34.5 216 33.5 214 33.5 217 33.5 217 30.5 219 34.5 218 35 218 28 215 34.5
0 3 54 222 38.5 226 32.5 225 32 228 35.5 233 32 227 31 223 31.5 235 32 229 28.5 226 32 228 32 219 26 225 32
0 3 56 237 321 247 281 243 279 243 310 258 268.5 244 243.5 240 253.5 247 272 251 275.5 251 331 247 323.5 252 252.5 244 266.5
0 3 58 226 18 229 16 231 14.5 226 16.5 229 15.5 228 15 222 15 225 15.5 224 13.5 229 16 223 15.5 226 13 233 14.5
0 3 60 226 8 229 7.5 230 7 226 7.5 222 7 232 6.5 231 6.5 235 7.5 225 6.5 227 7.5 235 7 228 6 229 6.5
0 3 62 234 71.5 227 61 227 58.5 234 66.5 234 57 229 57 228 57.5 229 58.5 233 55 231 64.5 235 64.5 229 51 229 58.5
