0 0 0 225 177.5 220 160.5 231 178 233 172.5 226 161.5 231 157.5 237 151 236 147 237 140.5 229 173 228 172.5 221 154 228 157.5
0 0 2 225 182 222 159 226 179 228 165.5 218 155 221 152.5 229 156 233 152 231 146.5 226 175.5 219 176.5 216 145.5 224 147.5
0 0 4 222 174 227 145.5 226 157.5 230 154 223 137.5 226 136 227 141 229 141 226 139 220 166 220 164 211 129.5 219 137
0 0 6 224 210.5 215 176.5 228 186 223 186.5 216 163.5 216 162 228 169 225 172.5 233 169 223 189 219 195 217 150 218 160.5
0 0 8 220 183 219 156.5 215 170 223 166 212 144.5 215 148 222 152 231 151.5 226 146 216 176 213 177 209 143 217 148.5
0 0 10 227 112.5 229 105 231 114.5 238 107.5 231 105.5 226 99 231 94.5 232 92 234 86.5 228 110.5 229 108.5 225 102.5 231 99
0 0 12 209 191 217 163.5 223 177 218 173.5 218 155 210 157 219 160.5 224 158 227 155.5 217 177 214 183 212 149 215 152.5
0 0 14 222 186.5 215 157.5 227 173.5 221 166.5 209 153.5 220 150.5 224 154 221 153.5 225 147 220 174.5 221 176.5 206 143 218 149.5
0 0 16 213 190 208 167 213 183.5 216 173.5 212 165 214 161 223 159.5 221 155.5 217 153.5 208 182 208 184.5 202 154 219 152
0 0 18 220 183.5 218 159 229 177.5 224 168.5 228 157.5 221 156.5 237 153.5 234 148.5 232 144.5 226 172.5 226 175.5 213 149 223 148.5
0 0 20 220 188 219 164.5 225 180 228 168 218 158.5 221 157.5 229 160.5 230 154.5 233 151 223 179 223 179 215 154 225 155
0 0 22 219 187.5 220 165.5 224 187 225 175 215 167.5 227 163.5 228 160.5 221 152.5 229 152 218 182 220 183 215 159.5 228 157
0 0 24 228 187.5 226 162.5 236 185 228 178 224 160.5 230 159.5 238 157.5 237 153 239 149 232 178.5 228 182 219 154 227 153.5
0 0 26 223 167 228 148 229 163.5 230 155 228 151 229 148 238 143 234 139.5 238 130.5 227 161.5 231 163 227 141.5 220 144.5
0 0 28 217 188 211 163.5 221 183.5 214 171.5 220 165.5 214 156 225 161 223 151.5 224 151 216 182.5 217 184 209 157.5 212 157.5
0 0 30 223 185.5 220 166 222 183.5 221 175.5 211 166.5 216 157 230 159 225 152 217 148.5 215 183.5 215 180.5 217 160.5 214 159
0 0 32 212 201 217 173 221 186 228 186.5 218 172.5 215 161.5 230 169.5 227 166 219 163.5 221 189.5 217 189 211 165 219 165.5
0 0 34 194 285.5 199 243.5 206 241 215 267 195 221.5 200 200.5 212 225 219 235 213 237 204 297.5 204 288 181 205.5 193 222
0 0 36 189 303.5 200 256.5 195 257 209 283.5 196 233 196 210.5 207 232.5 212 238.5 208 247.5 199 314.5 185 300.5 182 217.5 195 234.5
0 0 38 2737 1215.5 2739 1226.5 2657 1231.5 2717 1227.5 2736 1217 2741 1231.5 2655 1231 2668 1229 2664 1230.5 2656 1223 2653 1229.5 2656 1240 2663 1224
0 0 40 190 352.5 201 292.5 186 291 217 330 183 257 195 243.5 218 266 204 266 212 278 210 357.5 199 350.5 173 245 210 265.5
0 0 42 253 1168 256 1111.5 264 1087 254 1151.5 264 1098.5 249 1035 257 1010 248 1069.5 274 1077.5 266 1159.5 252 1151 262 1065.5 252 1023.5
0 0 44 215 211.5 201 185 208 194.5 208 205 190 180 209 174 221 168 222 185.5 218 174 230 195.5 218 205.5 206 165.5 215 191
0 0 46 220 75.5 228 76 223 78 234 73.5 227 76 219 72.5 231 64 229 66 230 58 226 76 229 71 224 73.5 224 71
0 0 48 211 202.5 212 172.5 220 190.5 222 183.5 204 168 208 159.5 218 168.5 223 162 218 162.5 209 193 202 189 205 161.5 207 162
0 0 50 228 108 228 104.5 229 111.5 237 104 228 105 229 96.5 234 91 234 91 232 83.5 242 107 234 102.5 225 101 230 100.5
0 0 52 185 296 194 246.5 197 243.5 216 274.5 182 222 197 209 206 224 216 236.5 209 241.5 198 304 192 297.5 180 209.5 201 233
0 0 54 209 307.5 206 252 207 253.5 219 277.5 206 235.5 206 215 233 244 224 242 225 257.5 211 309.5 209 296 192 219 209 239
0 0 56 233 109 230 106.5 234 113 233 108.5 232 111 238 99 232 96 237 92.5 234 89.5 232 112.5 236 104.5 226 102.5 233 102
0 0 58 199 278 198 221 209 247.5 210 244 193 218.5 206 209.5 215 229 216 219 214 224.5 203 274.5 199 266.5 195 208.5 204 211.5
0 0 60 189 291.5 194 243.5 198 255.5 197 261 192 229 191 214.5 210 236 204 232 213 249.5 200 288.5 193 280.5 182 215.5 194 224.5
0 0 62 162 482.5 158 388.5 160 398.5 179 428 133 351 157 335 179 363 183 365.5 182 392.5 165 473 159 464 137 331 156 356.5
0 1 0 217 184.5 216 146 218 151 226 170 208 144 220 141 218 146 217 149 225 134.5 220 154.5 228 166 210 127 212 150
0 1 2 213 194.5 214 155.5 220 157 226 180.5 221 152.5 215 148 221 155 227 159 220 143 215 157.5 225 169 207 128 216 158.5
0 1 4 219 176.5 223 143.5 223 143 221 164 213 140 220 141.5 234 139 228 142.5 221 128 221 145 219 153.5 218 119.5 215 148
0 1 6 228 176.5 226 146 232 145 231 163 221 138.5 223 137.5 229 137.5 231 142 224 127 227 144 225 158.5 215 119.5 220 142.5
0 1 8 232 178.5 218 148 222 149.5 232 168 217 143.5 224 148.5 223 144.5 229 151.5 226 127 227 150.5 224 161 220 122.5 224 151
0 1 10 216 174 214 141.5 216 145.5 224 162.5 214 134.5 224 134.5 226 139 228 138.5 229 128 220 145.5 222 157 210 117.5 216 139
0 1 12 234 173.5 231 140 231 143 235 159.5 226 137 231 135 240 139 235 141 238 123.5 231 146 234 145 227 115.5 233 140.5
0 1 14 217 181.5 219 145.5 222 150 223 167.5 213 147.5 212 143 222 146 219 147 228 128 221 153 215 159 210 119 213 148.5
0 1 16 236 75 234 62.5 235 65.5 232 67 231 61 225 58.5 235 60 232 61.5 235 57 227 65 232 71.5 229 55 225 61
0 1 18 226 179.5 227 145.5 222 150.5 235 166.5 220 141 223 140 231 139.5 224 144 221 127.5 219 148.5 226 155 216 114 219 147
0 1 20 218 171.5 210 142.5 210 146 223 162.5 204 137 211 138 219 137.5 222 145 217 121.5 216 141 214 152.5 198 116.5 216 139
0 1 22 234 93 236 74.5 237 80.5 239 83 234 74 236 72 244 74.5 239 74.5 242 71 240 83.5 235 87 235 67.5 235 75
0 1 24 218 172.5 216 142 218 144.5 226 162 221 140.5 218 137.5 223 139 217 144.5 224 123.5 216 140 223 153 210 114 214 145
0 1 26 225 91 227 72 232 77.5 229 81 225 70 233 67 230 70.5 231 72 230 68.5 229 82 226 83.5 231 65.5 235 72
0 1 28 233 172 224 142.5 228 145 239 160 228 141.5 230 138 231 135 232 141.5 226 122 232 144 233 147.5 222 113.5 218 142.5
0 1 30 229 169 223 137 222 141.5 222 159 227 136.5 219 132.5 228 133.5 228 135 226 121 223 137 223 146 210 111 224 139
0 1 32 222 176 221 146.5 223 148 219 168.5 212 144 215 138.5 223 142 223 144 221 127.5 218 146 223 154.5 212 119.5 223 148
0 1 34 240 70.5 235 58.5 236 62 235 65.5 230 57.5 234 56 240 56 240 58 235 54 237 62.5 239 67 239 52 240 57.5
0 1 36 228 483 231 404.5 232 422 240 487.5 227 363 220 305.5 228 345 234 384 229 386 226 513.5 214 485.5 223 327.5 224 364.5
0 1 38 2862 1236.5 2863 1250.5 2784 1261.5 2842 1258.5 2865 1242.5 2860 1267 2790 1258.5 2808 1259 2798 1257.5 2796 1247 2791 1253.5 2791 1276 2808 1249.5
0 1 40 209 356.5 210 303 206 297 216 342.5 209 272.5 215 237.5 214 262.5 212 280.5 215 283 208 369 208 363 203 254 207 263.5
0 1 42 216 379.5 221 323 227 329.5 226 371 222 298.5 213 248 227 276.5 221 299.5 225 300 218 402 216 386 216 263 217 285.5
0 1 44 224 179 220 146 224 147 226 164 212 140 220 140 226 143.5 225 146 227 128.5 228 150 218 160 214 118.5 215 146
0 1 46 217 171 214 140.5 220 145.5 217 163.5 219 135 215 137 230 137.5 223 145.5 227 126 222 148 221 153 210 117 223 142
0 1 48 234 178.5 229 143.5 228 147.5 223 168 224 141 221 141.5 233 139.5 225 143.5 229 130 226 152 229 158.5 216 115.5 229 148
0 1 50 229 177.5 215 146.5 220 151 223 171.5 218 144.5 218 141 220 143.5 222 149 223 132.5 218 155.5 225 159 216 115.5 219 148.5
0 1 52 222 183.5 221 150 211 150.5 220 174.5 212 149.5 220 140 226 144.5 226 150 221 137 218 159.5 218 169 213 126.5 215 150.5
0 1 54 209 335 219 289 198 282.5 207 317 214 259.5 213 233 208 242 218 269.5 223 269.5 202 337.5 201 338 200 241 203 252
0 1 56 260 1002.5 260 903.5 264 885.5 251 1013 254 856 257 822.5 258 800 263 849.5 264 867.5 267 1048 258 986.5 251 845 261 813
0 1 58 225 226 224 190 221 190.5 226 213 210 179.5 221 170 225 177 222 185 227 165.5 224 191 217 200 209 156.5 216 186
0 1 60 232 122.5 219 100 224 103.5 226 115 220 94 226 96 227 96 230 101.5 233 94.5 224 111.5 226 115 222 87 223 99
0 1 62 253 465.5 250 409 256 413 254 472 257 372 244 321 255 345.5 250 384.5 259 403.5 260 487.5 244 458.5 245 328 245 355.5
0 2 0 204 169 192 142 200 139 202 155.5 198 138.5 199 137 210 136.5 204 137 202 120.5 201 140 199 147 188 110.5 197 140.5
0 2 2 203 149 203 122 200 119 210 137 201 121 203 120.5 206 119 211 121 203 105.5 204 123 207 126.5 191 96.5 208 124.5
0 2 4 211 143 204 117 197 119 204 131.5 200 116 199 117.5 201 112 210 119.5 205 103 202 117.5 204 127 198 93 197 120.5
0 2 6 204 151.5 203 130 208 123 213 141.5 200 127 199 125 212 123.5 212 126.5 206 111 208 126.5 205 135 196 100.5 199 131
0 2 8 201 172 191 147.5 199 139.5 203 159 196 141.5 195 140.5 206 136.5 200 144.5 210 122.5 199 138 199 145 189 112.5 198 145
0 2 10 199 148 206 123.5 204 122 202 136 200 120.5 202 123 215 119.5 209 123.5 204 109 207 121 201 130.5 196 100 203 126
0 2 12 214 60 209 49.5 203 51 203 52.5 207 47.5 211 47 220 46 213 50.5 211 43 210 49.5 216 52.5 199 41.5 211 49.5
0 2 14 199 154 204 127 204 119 211 138.5 199 124.5 204 125 206 117 206 127 204 110.5 199 120 207 131.5 193 99.5 194 127
0 2 16 216 78 214 65.5 211 65 216 71.5 209 65 211 66.5 221 62.5 218 67.5 211 57.5 211 64.5 215 70 207 55 209 66
0 2 18 211 147.5 209 124 205 123 210 137.5 205 120.5 208 124 215 117.5 216 127 214 107.5 204 117.5 207 127 197 99.5 204 125
0 2 20 208 182 204 154.5 205 147 213 167 200 148 203 149 212 146 217 154.5 207 130 205 152.5 213 155.5 193 121.5 202 153.5
0 2 22 211 148.5 204 124.5 209 120 210 136.5 206 122 208 119 206 117.5 208 121.5 209 107 202 123.5 210 130 197 98 200 127
0 2 24 204 151.5 198 125.5 200 117 202 137.5 197 123 196 126 209 120 206 123 209 108.5 199 127.5 200 133 188 101 202 128
0 2 26 190 330.5 186 272 187 274 196 312 194 256 194 226 196 243 195 258.5 202 265.5 192 334 190 332 182 228 183 243.5
0 2 28 181 281 185 234.5 181 240.5 194 268 186 207 177 190.5 188 206 187 222.5 195 228.5 185 285.5 185 291 180 200 184 216
0 2 30 196 188.5 193 164.5 195 166 199 180.5 192 154.5 196 147 203 161.5 199 161 206 150.5 199 173.5 199 176.5 190 139.5 197 164
0 2 32 203 185.5 201 161.5 194 146.5 203 173 202 152.5 197 147.5 207 149.5 204 152.5 207 135 205 158.5 202 159 186 126 206 160
0 2 34 187 283 184 231 184 234 189 260.5 184 213.5 185 189.5 194 207.5 190 221.5 186 223 186 286 183 283 179 201.5 186 219
0 2 36 197 288.5 197 235 191 235 187 263 202 214 194 194.5 202 211 198 227.5 199 224.5 194 285 203 294.5 190 201.5 192 218.5
0 2 38 2690 1100.5 2716 1116 2673 1152.5 2671 1144 2723 1108.5 2699 1161.5 2664 1130 2668 1131.5 2666 1129.5 2672 1102.5 2669 1141 2666 1188.5 2674 1117.5
0 2 40 188 436 193 363 198 362.5 204 416.5 199 328.5 187 272 199 310 205 336 203 339.5 194 453.5 200 446.5 184 291.5 192 317.5
0 2 42 215 30.5 215 28.5 215 26 217 28.5 214 26.5 213 26.5 219 25.5 212 26.5 213 23 216 24 218 25 212 22.5 212 26
0 2 44 210 163 207 139 201 133 209 149.5 207 130.5 197 130.5 209 127.5 210 135 210 116.5 206 138.5 204 138.5 200 109 199 137
0 2 46 200 154.5 198 128.5 199 122 202 139 194 124.5 200 124 203 120 205 125.5 194 109.5 198 126.5 199 133 185 101 192 130
0 2 48 207 154.5 208 132 199 124.5 205 140 196 129 202 127.5 208 121 208 126.5 206 110.5 202 127 207 129 198 99 199 127
0 2 50 204 186.5 199 163.5 197 153 211 175 197 151 202 148.5 211 148 203 161.5 210 139 208 160.5 203 159.5 200 127 205 158.5
0 2 52 212 157.5 211 134 208 127 215 149.5 206 130 208 129 211 125 210 130.5 205 112.5 205 130.5 206 136 203 102 206 131.5
0 2 54 211 89.5 211 77.5 206 72 213 81 203 73 205 73 218 71 212 75.5 218 63.5 209 76.5 211 75 197 60 204 77
0 2 56 194 169.5 193 144.5 195 135.5 200 156.5 194 137.5 200 133.5 202 133 197 136 202 122 195 138.5 202 144.5 193 112 188 144.5
0 2 58 269 1114.5 273 1019 276 1035.5 260 1133 271 955 257 895 271 875 268 955 291 1011 297 1161.5 273 1118 273 919.5 264 905.5
0 2 60 218 293 216 257.5 221 257 224 281.5 213 228.5 213 206 218 227 216 244 221 244 218 292.5 216 307.5 217 220 211 227
0 2 62 236 636.5 245 525.5 242 528 236 592.5 245 479.5 236 426.5 236 459.5 236 494.5 247 505 241 636.5 231 626.5 237 438 227 476
0 3 0 217 119 219 98.5 225 95 226 104 221 94.5 221 94 226 94.5 224 98.5 230 85.5 220 97.5 223 98.5 214 85 221 94
0 3 2 233 112.5 232 98.5 230 88.5 235 98 224 90.5 226 88.5 228 90 230 96 232 85 228 95.5 232 98 228 82 232 86.5
0 3 4 226 105.5 233 89 223 80.5 225 92.5 222 84.5 228 83.5 220 85 226 88.5 226 78 230 91 225 92.5 221 77 224 85.5
0 3 6 226 136.5 229 120.5 221 107.5 221 125.5 220 110 215 105.5 218 110 219 116 225 105 229 119 224 124.5 221 97.5 227 110
0 3 8 227 113 229 94 229 85 224 95 235 87.5 230 84.5 225 88 227 91.5 227 79 235 88.5 227 92 223 79 231 87
0 3 10 234 60 229 52 235 47 236 49.5 226 51 233 47 231 45.5 226 48.5 227 42.5 232 49 226 48 234 43.5 228 46.5
0 3 12 236 57.5 238 47.5 232 43 229 48 226 46.5 238 44.5 234 44.5 234 45.5 236 40.5 235 45.5 233 45 224 42 239 45
0 3 14 234 104.5 234 91 238 81 234 91.5 231 82.5 232 82.5 233 80.5 239 87.5 235 78 242 92.5 234 88 228 73 237 82
0 3 16 217 161 222 142 222 132 221 146 217 128 213 126 224 130 219 134.5 222 124 213 133.5 217 139 206 112.5 216 125.5
0 3 18 226 104 219 91.5 224 83 224 90 215 83.5 217 82 217 83 220 87 223 74 220 91 219 89.5 221 75.5 226 84.5
0 3 20 229 42 233 37.5 229 33.5 228 34.5 224 37 227 35 233 33.5 232 34.5 236 31.5 227 35.5 229 34 231 33 230 35
0 3 22 235 1085 340 1029.5 326 917 240 1057.5 342 969.5 256 891.5 274 903.5 287 909.5 375 987.5 366 1076.5 367 1061.5 291 911.5 112 866.5
0 3 24 231 146 238 127 231 115.5 233 131.5 233 118 232 111 227 113 229 122 227 114.5 226 131 232 134.5 231 101 228 117
0 3 26 226 102 220 82.5 231 76.5 232 86.5 227 81.5 226 78.5 229 81.5 231 82 233 73 224 86 227 86 225 73 226 80
0 3 28 225 110.5 222 97.5 218 86.5 221 92.5 211 95 216 91 219 85 217 91.5 229 81.5 223 87.5 217 96 215 80.5 217 85.5
0 3 30 227 102.5 227 85.5 232 77.5 221 88 223 81 226 82 222 81 229 85.5 225 74 228 89 225 84.5 223 74.5 222 81
0 3 32 213 246.5 212 212.5 221 218 219 236 215 193.5 222 185.5 220 201 215 201 217 210.5 206 253.5 218 258.5 214 187 208 194
0 3 34 211 260 215 218 219 223.5 222 248 216 197 215 182.5 227 205.5 223 207.5 219 215.5 217 265.5 216 258.5 210 189.5 215 201
0 3 36 204 352.5 207 289.5 212 294 212 337.5 208 270 212 238 217 258 209 276.5 214 285.5 203 366 209 367.5 214 249.5 212 266
0 3 38 2845 1075.5 2864 1084 2814 1135.5 2822 1163 2864 1072.5 2834 1180 2810 1125 2813 1112 2816 1103 2815 1099 2811 1136.5 2821 1239.5 2814 1099.5
0 3 40 250 485.5 259 417.5 268 417.5 256 470 257 381 248 323 258 362 254 390 273 387 263 490.5 253 486.5 260 343.5 248 378.5
0 3 42 223 122 224 103.5 220 93.5 224 107 217 96 221 94.5 218 96.5 223 101.5 228 89.5 221 102 217 107.5 218 85 222 97.5
0 3 44 218 124.5 218 106.5 223 100.5 213 110 214 98 213 99 215 102 223 107 217 91 212 103 218 109.5 212 89 220 101.5
0 3 46 232 335 238 286 252 296.5 239 326.5 241 261.5 238 246 240 258.5 242 281 251 277.5 245 339.5 234 342 239 248 227 261.5
0 3 48 230 61.5 226 53.5 227 45.5 231 52 234 50.5 230 48 232 48 232 50.5 232 44 237 50 227 48.5 226 46 228 47.5
0 3 50 229 118.5 231 104 232 92.5 231 106.5 232 95.5 226 92.5 232 96 231 98 236 88.5 230 100.5 232 110 226 84 228 95
0 3 52 202 250.5 212 211 205 216 210 237.5 202 194.5 208 179 212 198.5 213 204.5 206 208 204 257 208 258.5 199 184 204 199
0 3 54 201 241.5 204 203.5 195 202.5 206 227.5 202 187.5 206 174.5 206 189 207 196.5 203 201.5 199 247 205 245.5 195 177 204 191
0 3 56 311 1322 342 1275.5 335 1281 299 1323 350 1234 301 1211 333 1205 324 1244 387 1287 377 1339.5 326 1318 330 1222.5 311 1211.5
0 3 58 234 150.5 232 132 229 123.5 229 135 228 120 228 115.5 235 120 230 128 228 116 219 126 228 131 226 104.5 223 123
0 3 60 228 68 228 58.5 220 52.5 222 59 223 55 223 51 226 52.5 225 58 227 50 225 56 221 58.5 229 47 225 54.5
0 3 62 233 430.5 245 368.5 247 368.5 233 407 243 346 225 287 241 321.5 234 345 244 348.5 252 437.5 236 434 238 311.5 237 330.5
