Insert channel
36
dummyline
dummyline
evt	dac_ctrl( -1 means fixed )
0	8
1	16
2	24
3	32
4	40
5	48
6	56
7	64
8	72
9	80
10	88
11	96
12	104
13	112
14	120
15	128
16	136
17	144
18	152
19	160
20	168
21	176
22	184
23	192
24	200
25	208
26	216
27	224
28	232
29	240
30	248
31	256
32	264
33	272
34	280
35	288
36	296
37	304
38	312
39	320
40	328
41	336
42	344
43	352
44	360
45	368
46	376
47	384
48	392
49	400
50	408
51	416
52	424
53	432
54	440
55	448
56	456
57	464
58	472
59	480
60	488
61	496
62	504
63	512
64	520
65	528
66	536
67	544
68	552
69	560
70	568
71	576
72	584
73	592
74	600
75	608
76	616
77	624
78	632
79	640
80	648
81	656
82	664
83	672
84	680
85	688
86	696
87	704
88	712
89	720
90	728
91	736
92	744
93	752
94	760
95	768
96	776
97	784
98	792
99	800
100	808
101	816
102	824
103	832
104	840
105	848
106	856
107	864
108	872
109	880
110	888
111	896
112	904
113	912
114	920
115	928
116	936
117	944
118	952
119	960
120	968
121	976
122	984
123	992
124	1000
125	1008
126	1016
127	1024
128	1032
129	1040
130	1048
131	1056
132	1064
133	1072
134	1080
135	1088
136	1096
137	1104
138	1112
139	1120
140	1128
141	1136
142	1144
143	1152
144	1160
145	1168
146	1176
147	1184
148	1192
149	1200
150	1208
151	1216
152	1224
153	1232
154	1240
155	1248
156	1256
157	1264
158	1272
159	1280
160	1288
161	1296
162	1304
163	1312
164	1320
165	1328
166	1336
167	1344
168	1352
169	1360
170	1368
171	1376
172	1384
173	1392
174	1400
175	1408
176	1416
177	1424
178	1432
179	1440
180	1448
181	1456
182	1464
183	1472
184	1480
185	1488
186	1496
187	1504
188	1512
189	1520
190	1528
191	1536
192	1544
193	1552
194	1560
195	1568
196	1576
197	1584
198	1592
199	1600
200	1608
201	1616
202	1624
203	1632
204	1640
205	1648
206	1656
207	1664
208	1672
209	1680
210	1688
211	1696
212	1704
213	1712
214	1720
215	1728
216	1736
217	1744
218	1752
219	1760
220	1768
221	1776
222	1784
223	1792
224	1800
225	1808
226	1816
227	1824
228	1832
229	1840
230	1848
231	1856
232	1864
233	1872
234	1880
235	1888
236	1896
237	1904
238	1912
239	1920
240	1928
241	1936
242	1944
243	1952
244	1960
245	1968
246	1976
247	1984
248	1992
249	2000
250	2008
251	2016
252	2024
253	2032
254	2040
255	2048
256	2056
257	2064
258	2072
259	2080
260	2088
261	2096
262	2104
263	2112
264	2120
265	2128
266	2136
267	2144
268	2152
269	2160
270	2168
271	2176
272	2184
273	2192
274	2200
275	2208
276	2216
277	2224
278	2232
279	2240
280	2248
281	2256
282	2264
283	2272
284	2280
285	2288
286	2296
287	2304
288	2312
289	2320
290	2328
291	2336
292	2344
293	2352
294	2360
295	2368
296	2376
297	2384
298	2392
299	2400
300	2408
301	2416
302	2424
303	2432
304	2440
305	2448
306	2456
307	2464
308	2472
309	2480
310	2488
311	2496
312	2504
313	2512
314	2520
315	2528
316	2536
317	2544
318	2552
319	2560
320	2568
321	2576
322	2584
323	2592
324	2600
325	2608
326	2616
327	2624
328	2632
329	2640
330	2648
331	2656
332	2664
333	2672
334	2680
335	2688
336	2696
337	2704
338	2712
339	2720
340	2728
341	2736
342	2744
343	2752
344	2760
345	2768
346	2776
347	2784
348	2792
349	2800
350	2808
351	2816
352	2824
353	2832
354	2840
355	2848
356	2856
357	2864
358	2872
359	2880
360	2888
361	2896
362	2904
363	2912
364	2920
365	2928
366	2936
367	2944
368	2952
369	2960
370	2968
371	2976
372	2984
373	2992
374	3000
375	3008
376	3016
377	3024
378	3032
379	3040
380	3048
381	3056
382	3064
383	3072
384	3080
385	3088
386	3096
387	3104
388	3112
389	3120
390	3128
391	3136
392	3144
393	3152
394	3160
395	3168
396	3176
397	3184
398	3192
399	3200
400	3208
401	3216
402	3224
403	3232
404	3240
405	3248
406	3256
407	3264
408	3272
409	3280
410	3288
411	3296
412	3304
413	3312
414	3320
415	3328
416	3336
417	3344
418	3352
419	3360
420	3368
421	3376
422	3384
423	3392
424	3400
425	3408
426	3416
427	3424
428	3432
429	3440
430	3448
431	3456
432	3464
433	3472
434	3480
435	3488
436	3496
437	3504
438	3512
439	3520
440	3528
441	3536
442	3544
443	3552
444	3560
445	3568
446	3576
447	3584
448	3592
449	3600
450	3608
451	3616
452	3624
453	3632
454	3640
455	3648
456	3656
457	3664
458	3672
459	3680
460	3688
461	3696
462	3704
463	3712
464	3720
465	3728
466	3736
467	3744
468	3752
469	3760
470	3768
471	3776
472	3784
473	3792
474	3800
475	3808
476	3816
477	3824
478	3832
479	3840
480	3848
481	3856
482	3864
483	3872
484	3880
485	3888
486	3896
487	3904
488	3912
489	3920
490	3928
491	3936
492	3944
493	3952
494	3960
495	3968
496	3976
497	3984
498	3992
499	4000
